-3.867671251296997070e+00 -1.928351783752441406e+01
-2.369618654251098633e+00 3.502207756042480469e+00
-1.339568853378295898e+00 2.974215984344482422e+00
-2.574449777603149414e+00 2.381976127624511719e+00
-2.451417684555053711e+00 3.803896665573120117e+00
-2.603697061538696289e+00 3.168628454208374023e+00
-2.907439947128295898e+00 1.779499411582946777e+00
-2.819828987121582031e+00 3.314915895462036133e+00
-2.097700595855712891e+00 3.656418323516845703e+00
-2.593221187591552734e+00 3.658967256546020508e+00
-2.484087944030761719e+00 1.409284591674804688e+00
-3.756373643875122070e+00 -1.904862403869628906e+01
-1.756607651710510254e+00 -7.580930739641189575e-02
-1.721553802490234375e+00 6.202480792999267578e-01
-1.860721588134765625e+00 -7.745673656463623047e-01
-2.225775718688964844e+00 -1.638503968715667725e-01
-2.086752653121948242e+00 -9.857352972030639648e-01
-1.479273438453674316e+00 4.512986168265342712e-03
-2.189952373504638672e+00 -3.400308489799499512e-01
-2.933539152145385742e+00 2.234638452529907227e+00
-2.474031209945678711e+00 1.173761248588562012e+00
-2.764819860458374023e+00 3.104455232620239258e+00
-4.020829677581787109e+00 -1.873121833801269531e+01
-2.189095973968505859e+00 3.526666402816772461e+00
-1.596530556678771973e+00 3.717900753021240234e+00
-2.276679992675781250e+00 3.086088657379150391e+00
-1.880972385406494141e+00 2.323278188705444336e+00
-2.380450487136840820e+00 3.436104536056518555e+00
-2.792263984680175781e+00 2.667641401290893555e+00
-6.064848303794860840e-01 2.949615240097045898e+00
-2.425661087036132812e+00 1.071747779846191406e+00
-1.365975379943847656e+00 1.733610272407531738e+00
-2.743498325347900391e+00 1.924003005027770996e+00
-3.861233711242675781e+00 -1.901202964782714844e+01
-2.079559803009033203e+00 1.610817670822143555e+00
-5.960236191749572754e-01 1.246458768844604492e+00
-2.808542966842651367e+00 1.176468968391418457e+00
-2.797799587249755859e+00 1.251531958580017090e+00
-8.649764060974121094e+00 1.286827206611633301e+00
-2.490958452224731445e+00 1.938971400260925293e+00
-1.155910849571228027e+00 3.636504650115966797e+00
-3.844770669937133789e+00 -1.879689979553222656e+01
-2.752445936203002930e+00 1.758474826812744141e+00
-2.520211696624755859e+00 3.398566722869873047e+00
-2.550926685333251953e+00 3.273937225341796875e+00
-1.287132859230041504e+00 3.229634761810302734e+00
-1.071380019187927246e+00 2.212178230285644531e+00
7.011975049972534180e-01 2.402944564819335938e+00
6.001281142234802246e-01 2.731629133224487305e+00
-9.516769647598266602e-01 3.359425306320190430e+00
-2.257230758666992188e+00 -6.207325458526611328e-01
-2.104405641555786133e+00 -9.738588333129882812e-01
-3.602915287017822266e+00 -1.907303047180175781e+01
-1.073938012123107910e+00 -7.145695090293884277e-01
-1.503034830093383789e+00 -1.284354090690612793e+00
-1.943233013153076172e+00 -7.579900026321411133e-01
-1.719132542610168457e+00 -6.916742920875549316e-01
-2.406324625015258789e+00 -5.511523485183715820e-01
-1.980646252632141113e+00 -1.148928642272949219e+00
-6.921460628509521484e-01 2.399115085601806641e+00
-1.161917448043823242e+00 4.061964988708496094e+00
-1.529718875885009766e+00 2.421524763107299805e+00
-1.474436640739440918e+00 3.589413404464721680e+00
-3.826888799667358398e+00 -1.896755027770996094e+01
-1.124666810035705566e+00 2.523170948028564453e+00
-4.563411772251129150e-01 3.184186697006225586e+00
-2.703877925872802734e+00 8.806308507919311523e-01
-4.295437410473823547e-02 2.300869464874267578e+00
-2.506529092788696289e+00 3.558034896850585938e+00
-2.969325482845306396e-01 2.842494249343872070e+00
1.565206348896026611e-01 1.410825729370117188e+00
-1.432343602180480957e+00 -1.006832480430603027e+00
-9.540484547615051270e-01 -1.036653280258178711e+00
-1.111339926719665527e+00 -3.218478858470916748e-01
-3.111907720565795898e+00 -1.861921882629394531e+01
-1.224197149276733398e+00 -9.323189258575439453e-01
1.236229240894317627e-01 7.041566073894500732e-02
-1.650621891021728516e+00 1.664641737937927246e+00
-2.505343914031982422e+00 3.049310922622680664e+00
-7.145930528640747070e-01 3.056594610214233398e+00
6.138022057712078094e-03 2.974252462387084961e+00
-2.561033248901367188e+00 3.629757165908813477e+00
-3.401834011077880859e+00 -1.840727043151855469e+01
-1.881349444389343262e+00 3.675118446350097656e+00
-1.428875923156738281e+00 2.379483222961425781e+00
-2.700402736663818359e+00 3.445583105087280273e+00
-1.033820629119873047e+00 3.609228372573852539e+00
-2.827798604965209961e+00 3.686170816421508789e+00
-2.799406766891479492e+00 1.646350622177124023e+00
-2.237771987915039062e+00 3.336710214614868164e+00
-2.592411279678344727e+00 3.020786941051483154e-01
-2.232517957687377930e+00 -4.180600643157958984e-01
-2.197405815124511719e+00 -6.486482620239257812e-01
-3.570799350738525391e+00 -1.915584182739257812e+01
-1.221891045570373535e+00 -6.805211305618286133e-01
-1.406545042991638184e+00 -4.681098759174346924e-01
-7.185332179069519043e-01 3.271558880805969238e-01
-1.515096664428710938e+00 -9.117975831031799316e-01
-2.190208673477172852e+00 -8.397166728973388672e-01
-2.031286239624023438e+00 -3.808226287364959717e-01
-1.880722999572753906e+00 2.948934555053710938e+00
-1.062664389610290527e+00 1.991448163986206055e+00
-6.998590230941772461e-01 2.359722137451171875e+00
-2.970788955688476562e+00 2.814650774002075195e+00
-3.485429525375366211e+00 -1.884064483642578125e+01
-2.700543165206909180e+00 3.572671175003051758e+00
-3.007313966751098633e+00 2.747524738311767578e+00
-2.863143205642700195e+00 1.886584877967834473e+00
-1.631888628005981445e+00 3.108386039733886719e+00
-1.991975545883178711e+00 3.004452943801879883e+00
-1.439125537872314453e+00 3.742780447006225586e+00
-2.365378141403198242e+00 3.720123291015625000e+00
-5.946454405784606934e-01 1.198618173599243164e+00
-1.494922041893005371e+00 2.085776329040527344e+00
-1.562181711196899414e+00 2.342085838317871094e+00
-3.491907358169555664e+00 -1.915507698059082031e+01
-1.856869578361511230e+00 2.485218763351440430e+00
-2.228756189346313477e+00 3.469318449497222900e-01
-9.429585933685302734e-01 1.476764976978302002e-01
-1.315715193748474121e+00 2.581030130386352539e+00
-2.809180736541748047e+00 2.369089841842651367e+00
-1.901632070541381836e+00 3.788251399993896484e+00
-2.320392608642578125e+00 2.573892831802368164e+00
-3.330716848373413086e+00 -1.886738777160644531e+01
-1.962363362312316895e+00 1.770043253898620605e+00
-6.521111130714416504e-01 2.922757387161254883e+00
-2.385272502899169922e+00 2.046445369720458984e+00
-2.374602317810058594e+00 2.428535461425781250e+00
-8.267138481140136719e+00 1.050930976867675781e+00
-2.918003082275390625e+00 3.264422416687011719e+00
-1.121195197105407715e+00 -1.357042074203491211e+00
-7.269755005836486816e-01 -1.307119965553283691e+00
-1.786347925662994385e-01 -7.992962598800659180e-01
-1.475329637527465820e+00 -7.680268287658691406e-01
-3.510470867156982422e+00 -1.896095657348632812e+01
-4.959906935691833496e-01 -1.093911051750183105e+00
1.476042121648788452e-01 7.303487658500671387e-01
-1.589119911193847656e+00 -1.263545751571655273e+00
-4.562061727046966553e-01 -1.083587169647216797e+00
-7.539087533950805664e-01 -1.167888641357421875e+00
-1.122682690620422363e+00 1.821573734283447266e+00
-1.478704571723937988e+00 2.750179052352905273e+00
-2.075107574462890625e+00 1.913436174392700195e+00
-5.594332218170166016e-01 2.485238313674926758e+00
-9.831760525703430176e-01 2.367900609970092773e+00
-3.570884704589843750e+00 -1.887871551513671875e+01
-2.893013954162597656e+00 2.785255908966064453e+00
2.942348122596740723e-01 2.390028238296508789e+00
-1.260494828224182129e+00 1.130764365196228027e+00
-7.596042752265930176e-01 2.671165227890014648e+00
-1.169616460800170898e+00 9.722867608070373535e-01
1.967148035764694214e-01 -4.256348609924316406e-01
-1.027528762817382812e+00 1.808992266654968262e+00
-2.390066146850585938e+00 1.280070543289184570e+00
3.466780781745910645e-01 -3.639800846576690674e-01
-1.719429016113281250e+00 -5.882122516632080078e-01
-3.468878269195556641e+00 -1.867844200134277344e+01
-8.626325726509094238e-01 8.427789211273193359e-01
-3.821089267730712891e-01 -7.789965867996215820e-01
-8.611187338829040527e-01 1.405423730611801147e-01
-2.444046020507812500e+00 2.297293186187744141e+00
-3.863818883895874023e+00 -1.860903549194335938e+01
-4.258535206317901611e-01 8.823010921478271484e-01
-1.027767419815063477e+00 2.249842166900634766e+00
-2.806888341903686523e+00 2.667916774749755859e+00
-2.366249263286590576e-01 1.233487606048583984e+00
-2.297889947891235352e+00 2.442486286163330078e+00
-2.862631082534790039e+00 2.820477485656738281e+00
-1.382095217704772949e+00 3.457664489746093750e+00
-3.069208621978759766e+00 2.948575973510742188e+00
-1.751280784606933594e+00 -6.042938306927680969e-02
-1.791781783103942871e+00 1.477949738502502441e+00
-3.881900548934936523e+00 -1.885141181945800781e+01
-1.551564455032348633e+00 -4.272620975971221924e-01
-2.015080213546752930e+00 -2.812886238098144531e-01
-1.080654025077819824e+00 -1.376030087471008301e+00
-1.288428187370300293e+00 7.304640412330627441e-01
-2.512905359268188477e+00 5.624491572380065918e-01
-2.103165626525878906e+00 2.522469758987426758e-01
-2.688960313796997070e+00 1.126689791679382324e+00
-2.482254028320312500e+00 6.916959881782531738e-01
-1.087796807289123535e+00 3.162372827529907227e+00
-8.752487897872924805e-01 1.790495753288269043e+00
-3.636120319366455078e+00 -1.859733581542968750e+01
-1.669069647789001465e+00 1.266590952873229980e+00
-1.771175861358642578e+00 2.737088203430175781e+00
-1.963570713996887207e+00 2.975621461868286133e+00
-1.962597131729125977e+00 2.492254018783569336e+00
-1.460973978042602539e+00 2.760048627853393555e+00
-2.037904262542724609e+00 1.981996655464172363e+00
-1.157961964607238770e+00 8.216770291328430176e-01
-2.215471506118774414e+00 9.865273237228393555e-01
-1.063515663146972656e+00 -1.547150500118732452e-02
-2.405299186706542969e+00 2.418776512145996094e+00
-3.905872583389282227e+00 -1.913928222656250000e+01
-1.706012725830078125e+00 1.910476565361022949e+00
-1.508183956146240234e+00 4.042803645133972168e-01
-1.763275146484375000e+00 1.133637189865112305e+00
-1.959777712821960449e+00 -7.501195669174194336e-01
-2.407679080963134766e+00 2.019753932952880859e+00
6.962205767631530762e-01 1.787692308425903320e+00
-8.798921704292297363e-01 2.028386831283569336e+00
-3.814764022827148438e+00 -1.882663536071777344e+01
-1.304938942193984985e-01 2.876580238342285156e+00
-1.381848216056823730e+00 1.329440593719482422e+00
5.737715959548950195e-01 2.427659749984741211e+00
6.309942603111267090e-01 2.501687049865722656e+00
1.698854267597198486e-01 2.954785346984863281e+00
5.121044516563415527e-01 2.466690063476562500e+00
1.807295083999633789e-01 2.608868598937988281e+00
7.393163442611694336e-01 -2.652959525585174561e-01
-5.527510046958923340e-01 -4.573564976453781128e-02
3.091725111007690430e-01 -7.458876967430114746e-01
-3.927990436553955078e+00 -1.947811698913574219e+01
-3.164346814155578613e-01 -7.659502029418945312e-01
1.283561736345291138e-01 -6.051821112632751465e-01
4.312965869903564453e-01 -5.650594234466552734e-01
7.226382493972778320e-01 -3.655546903610229492e-01
5.151585936546325684e-01 -2.368155568838119507e-01
-2.964199781417846680e-01 -9.105878472328186035e-01
2.090721279382705688e-01 1.679904818534851074e+00
5.688287615776062012e-01 2.322115659713745117e+00
-1.814660668373107910e+00 1.902255177497863770e+00
1.223913356661796570e-01 2.420059442520141602e+00
-3.759754896163940430e+00 -1.918681716918945312e+01
-5.095424652099609375e-01 2.848588466644287109e+00
3.782997727394104004e-01 2.242712259292602539e+00
3.998762965202331543e-01 1.863029718399047852e+00
4.897161722183227539e-01 2.082778930664062500e+00
5.469566583633422852e-01 2.134623527526855469e+00
4.657072573900222778e-02 -3.946457505226135254e-01
4.670901298522949219e-01 -3.709187507629394531e-01
6.468198299407958984e-01 -3.578546941280364990e-01
5.993108749389648438e-01 -4.144077003002166748e-01
6.868798136711120605e-01 -3.980508074164390564e-02
-3.133026361465454102e+00 -1.834941482543945312e+01
6.224857568740844727e-01 -3.793989419937133789e-01
4.963679015636444092e-01 -4.875412881374359131e-01
3.587785065174102783e-01 -4.510124027729034424e-01
-1.055428743362426758e+00 3.958251714706420898e+00
-2.201323032379150391e+00 3.175038576126098633e+00
-1.711081981658935547e+00 2.664283514022827148e+00
-2.149274587631225586e+00 2.221827983856201172e+00
-3.178832530975341797e+00 -1.854298591613769531e+01
-1.984207034111022949e+00 9.572243094444274902e-01
-3.063756227493286133e+00 2.988289833068847656e+00
-2.802160263061523438e+00 1.695741772651672363e+00
-1.740726232528686523e+00 2.305474758148193359e+00
-1.796646714210510254e+00 3.679769039154052734e+00
-1.332298994064331055e+00 1.709907412528991699e+00
-1.774898409843444824e+00 2.825491689145565033e-02
-1.413960456848144531e+00 1.905450105667114258e+00
-9.193609952926635742e-01 -1.284650444984436035e+00
-4.918098449707031250e-01 -5.490058660507202148e-01
-4.016699314117431641e+00 -1.915696525573730469e+01
-1.420008063316345215e+00 -2.241327464580535889e-01
-2.052747011184692383e+00 5.460616350173950195e-01
-9.293720722198486328e-01 -3.381423056125640869e-01
-1.624248743057250977e+00 -7.228949666023254395e-01
-2.421448230743408203e+00 6.452391147613525391e-01
-1.926710009574890137e+00 2.451186418533325195e+00
-7.114524394273757935e-02 2.295888662338256836e+00
-1.408199429512023926e+00 1.806289911270141602e+00
-1.416213393211364746e+00 2.618326425552368164e+00
-2.548536300659179688e+00 2.972385406494140625e+00
-3.408486366271972656e+00 -1.882164382934570312e+01
-2.110650539398193359e+00 1.706638336181640625e+00
-1.489912986755371094e+00 2.934581995010375977e+00
-2.336587905883789062e+00 3.031800985336303711e+00
-2.294737100601196289e+00 3.222244739532470703e+00
-9.822500348091125488e-01 1.747006773948669434e-01
-1.763183116912841797e+00 3.331218659877777100e-01
-7.860603928565979004e-01 9.277215600013732910e-01
-1.840336799621582031e+00 -3.648764789104461670e-01
-1.524977684020996094e+00 -2.484563179314136505e-02
-1.384395956993103027e+00 1.085854843258857727e-01
-3.748850345611572266e+00 -1.914265060424804688e+01
-1.837660789489746094e+00 6.668155789375305176e-01
-9.877654910087585449e-01 -2.727021872997283936e-01
2.469323873519897461e-01 -4.347339868545532227e-01
-2.630200147628784180e+00 1.776388883590698242e+00
-2.212397098541259766e+00 2.162652254104614258e+00
3.217698037624359131e-01 2.668015241622924805e+00
-3.128163337707519531e+00 2.438631772994995117e+00
-3.403589487075805664e+00 -1.845825386047363281e+01
-1.746220588684082031e-01 -1.887612044811248779e-01
-2.607324838638305664e+00 2.404747009277343750e+00
-1.520743608474731445e+00 2.043013572692871094e+00
-2.269128561019897461e+00 1.815994143486022949e+00
-7.138597965240478516e-01 1.658294081687927246e+00
-7.608341574668884277e-01 -1.169007182121276855e+00
-1.212208032608032227e+00 -3.008002638816833496e-01
-3.508468866348266602e-01 -1.034963607788085938e+00
-1.346694469451904297e+00 -1.029628515243530273e+00
-4.258067011833190918e-01 -1.024658560752868652e+00
-3.263708353042602539e+00 -1.845956611633300781e+01
-5.392276048660278320e-01 -9.152615070343017578e-01
-1.319171309471130371e+00 -3.003781437873840332e-01
-1.288755059242248535e+00 -1.746859401464462280e-01
-5.039358139038085938e-01 -2.626807093620300293e-01
-2.145318031311035156e+00 1.811129808425903320e+00
-2.570469617843627930e+00 1.616569638252258301e+00
-1.182511925697326660e+00 5.373406410217285156e-01
-1.418129205703735352e+00 1.086871504783630371e+00
-8.626832008361816406e+00 1.297943115234375000e+00
-5.931186676025390625e-01 5.442759394645690918e-01
-3.254060983657836914e+00 -1.843582344055175781e+01
-1.004131197929382324e+00 1.532602310180664062e+00
-2.363774538040161133e+00 1.526970744132995605e+00
-1.120502233505249023e+00 -5.669290423393249512e-01
-7.187822461128234863e-01 9.794647991657257080e-02
-9.347603917121887207e-01 -6.404520943760871887e-03
1.269266754388809204e-01 -4.452278316020965576e-01
-5.806872844696044922e-01 -1.012598037719726562e+00
-6.397092938423156738e-01 2.693583965301513672e-01
-6.975494027137756348e-01 -4.673909246921539307e-01
-1.609321355819702148e+00 1.039801388978958130e-01
-3.413378238677978516e+00 -1.838724136352539062e+01
-7.201523780822753906e-01 5.264437571167945862e-02
-9.293015003204345703e-01 4.345702826976776123e-01
-8.791175842285156250e+00 1.106723070144653320e+00
-8.805206298828125000e+00 1.136218667030334473e+00
-3.196892738342285156e+00 -1.869323348999023438e+01
-8.844629287719726562e+00 1.210218667984008789e+00
-8.795907974243164062e+00 1.155450463294982910e+00
-8.780740737915039062e+00 1.057415723800659180e+00
-8.575547218322753906e+00 8.671233057975769043e-01
-8.760921478271484375e+00 1.086362242698669434e+00
-1.250113844871520996e+00 -6.875500679016113281e-01
-8.806047439575195312e+00 1.168041467666625977e+00
-2.091079235076904297e+00 7.031762003898620605e-01
-1.910798907279968262e+00 -2.664252519607543945e-01
-1.198952317237854004e+00 2.855481207370758057e-01
-3.716928243637084961e+00 -1.866106033325195312e+01
-1.442159652709960938e+00 -3.461150228977203369e-01
-1.514965653419494629e+00 2.323684215545654297e+00
-1.481222867965698242e+00 -7.704392671585083008e-01
-1.318910241127014160e+00 4.074085131287574768e-02
-1.576331973075866699e+00 -7.999191880226135254e-01
-9.765247106552124023e-01 2.923028469085693359e+00
-2.534214735031127930e+00 2.557920455932617188e+00
-2.041679859161376953e+00 2.531241178512573242e+00
-1.310053348541259766e+00 9.845525026321411133e-01
-2.251461505889892578e+00 3.280139446258544922e+00
-3.365419864654541016e+00 -1.853050231933593750e+01
-8.757492065429687500e+00 1.241588234901428223e+00
-1.903760075569152832e+00 1.586979985237121582e+00
-1.723732948303222656e+00 1.932413101196289062e+00
-2.226380109786987305e+00 2.185021877288818359e+00
-2.866348028182983398e+00 2.168865680694580078e+00
-8.706637382507324219e+00 1.307226896286010742e+00
-8.655057907104492188e+00 1.094963312149047852e+00
-8.636547088623046875e+00 9.616137146949768066e-01
-8.636189460754394531e+00 1.121590733528137207e+00
-8.716245651245117188e+00 1.004801273345947266e+00
-3.580089330673217773e+00 -1.855234336853027344e+01
-8.708605766296386719e+00 1.193173408508300781e+00
-8.754262924194335938e+00 1.010035991668701172e+00
-8.572406768798828125e+00 9.021826386451721191e-01
-8.770680427551269531e+00 1.089228391647338867e+00
-1.927024722099304199e+00 3.028734445571899414e+00
-2.194536447525024414e+00 1.791607856750488281e+00
-2.509105920791625977e+00 4.530838131904602051e-01
-3.543863534927368164e+00 -1.892704200744628906e+01
-5.418582558631896973e-01 3.293197393417358398e+00
1.145994383841753006e-02 1.467678189277648926e+00
-6.449721455574035645e-01 3.376300334930419922e+00
-1.793346703052520752e-01 2.065174102783203125e+00
-2.159016847610473633e+00 2.384319305419921875e+00
4.962995648384094238e-01 2.362861156463623047e+00
-4.613403975963592529e-01 7.258024215698242188e-01
-2.068174839019775391e+00 -9.425362944602966309e-01
5.298734903335571289e-01 -2.656597197055816650e-01
-1.381639838218688965e+00 -1.181477308273315430e+00
-3.959119558334350586e+00 -1.917829704284667969e+01
-1.706362962722778320e+00 -7.833359241485595703e-01
-7.021901607513427734e-01 -1.055532813072204590e+00
-1.529670715332031250e+00 5.705418586730957031e-01
-1.912212967872619629e+00 -5.292077064514160156e-01
-1.830038666725158691e+00 -1.168201684951782227e+00
-2.005967617034912109e+00 2.930978536605834961e+00
-6.486366391181945801e-01 3.431947231292724609e+00
5.392699837684631348e-01 2.273635149002075195e+00
-4.678124189376831055e-01 1.293453931808471680e+00
-6.724361181259155273e-01 3.404489755630493164e+00
-3.966525077819824219e+00 -1.880332374572753906e+01
1.503349989652633667e-01 2.620821714401245117e+00
3.698183298110961914e-01 2.334911584854125977e+00
-8.468234539031982422e-01 2.873382568359375000e+00
4.095016717910766602e-01 2.271974802017211914e+00
-8.796545028686523438e+00 1.022384405136108398e+00
-1.075359702110290527e+00 1.237519860267639160e+00
-8.804058074951171875e+00 1.130383491516113281e+00
-3.627214431762695312e-01 1.133134141564369202e-01
-5.627372264862060547e-01 -8.971921801567077637e-01
-7.750867605209350586e-01 -3.382860124111175537e-01
-3.197560310363769531e+00 -1.838035583496093750e+01
3.107008039951324463e-01 9.559572935104370117e-01
-1.305770874023437500e+00 4.413167238235473633e-01
-8.301170349121093750e+00 1.212524652481079102e+00
-5.474579930305480957e-01 2.697761297225952148e+00
-2.097494125366210938e+00 2.364572763442993164e+00
-8.757339477539062500e+00 1.162865757942199707e+00
-2.795846223831176758e+00 2.564910173416137695e+00
-3.404710531234741211e+00 -1.843442153930664062e+01
-1.830356836318969727e+00 3.456764936447143555e+00
-1.782770037651062012e+00 2.495009660720825195e+00
-2.263437509536743164e+00 3.541649818420410156e+00
-2.132385730743408203e+00 3.764311313629150391e+00
-2.358813762664794922e+00 3.028265476226806641e+00
-1.536694407463073730e+00 3.542451858520507812e+00
-8.603637814521789551e-01 -4.435563385486602783e-01
-9.303163290023803711e-01 2.497482299804687500e+00
-2.275974273681640625e+00 -6.274648308753967285e-01
-1.220243453979492188e+00 2.822466373443603516e+00
-3.776106119155883789e+00 -1.919697380065917969e+01
-1.251499295234680176e+00 -3.200394213199615479e-01
-1.206125497817993164e+00 -1.173385262489318848e+00
-2.387956380844116211e+00 2.091351747512817383e-01
-1.859029173851013184e+00 -1.205756664276123047e+00
-8.960527181625366211e-02 2.049131870269775391e+00
-2.125694513320922852e+00 3.586141347885131836e+00
-2.433486938476562500e+00 1.252600789070129395e+00
-8.213609457015991211e-01 2.733676195144653320e+00
-3.019472122192382812e+00 2.895071268081665039e+00
-8.509376645088195801e-01 2.057591676712036133e+00
-3.334468603134155273e+00 -1.899174690246582031e+01
-6.915071606636047363e-01 3.225343465805053711e+00
-1.902037501335144043e+00 3.043744087219238281e+00
-2.949989795684814453e+00 2.645809888839721680e+00
-2.144271373748779297e+00 2.832995414733886719e+00
-2.035882949829101562e+00 3.635912895202636719e+00
-8.919568061828613281e+00 1.289013266563415527e+00
-2.248569965362548828e+00 3.788442373275756836e+00
-2.442907094955444336e+00 2.670612812042236328e+00
-2.638097763061523438e+00 2.843490600585937500e+00
-1.396449446678161621e+00 3.841201782226562500e+00
-3.440112352371215820e+00 -1.892418098449707031e+01
-2.869143009185791016e+00 1.307831764221191406e+00
-1.950103759765625000e+00 2.026686429977416992e+00
-8.550819396972656250e+00 1.234186887741088867e+00
-8.834207534790039062e+00 1.126195430755615234e+00
-8.727433204650878906e+00 1.047196984291076660e+00
-8.728473663330078125e+00 1.058648347854614258e+00
-8.578659057617187500e+00 1.327011942863464355e+00
-3.534835338592529297e+00 -1.864029502868652344e+01
-8.713015556335449219e+00 1.124098658561706543e+00
-8.729475021362304688e+00 1.149525880813598633e+00
-8.676590919494628906e+00 1.196507573127746582e+00
-8.749990463256835938e+00 1.043172240257263184e+00
-2.079177379608154297e+00 1.372933030128479004e+00
-2.142463326454162598e-01 1.942088484764099121e+00
-1.627330183982849121e+00 -3.210440278053283691e-01
-7.126923203468322754e-01 -3.369128704071044922e-01
-7.067620754241943359e-01 1.123705506324768066e+00
-1.282629013061523438e+00 1.353441953659057617e+00
-3.429580688476562500e+00 -1.842991256713867188e+01
-1.175398349761962891e+00 -4.480057060718536377e-01
-5.959276556968688965e-01 9.597649574279785156e-01
-4.348202049732208252e-01 -2.913949489593505859e-01
-1.346139430999755859e+00 1.522601485252380371e+00
-9.711354970932006836e-01 2.911890029907226562e+00
-1.899926900863647461e+00 1.484758257865905762e+00
-1.079379796981811523e+00 1.864502668380737305e+00
-1.652331590652465820e+00 3.402180671691894531e+00
-8.619281768798828125e+00 1.227270841598510742e+00
-1.356996059417724609e+00 3.990745544433593750e-01
-3.271869421005249023e+00 -1.853091430664062500e+01
-1.401255249977111816e+00 2.269955635070800781e+00
-1.457455158233642578e+00 1.976779580116271973e+00
-9.992673397064208984e-01 1.381675839424133301e+00
-6.707575321197509766e-01 6.716304421424865723e-01
-1.665131926536560059e+00 -9.671103358268737793e-01
-8.886903524398803711e-01 2.214875698089599609e+00
-2.043393850326538086e+00 2.915880680084228516e+00
-2.035768747329711914e+00 -7.258059978485107422e-01
-8.314972519874572754e-01 -9.559382796287536621e-01
-3.220294713973999023e-01 -2.764247059822082520e-01
-3.440808057785034180e+00 -1.851638412475585938e+01
-2.863485097885131836e+00 2.202233076095581055e+00
-1.072698831558227539e+00 3.053798913955688477e+00
-2.616563320159912109e+00 2.816592216491699219e+00
-2.633053779602050781e+00 1.538661837577819824e+00
-4.003762722015380859e+00 -1.946796035766601562e+01
-2.201816082000732422e+00 3.889346122741699219e+00
-1.722575306892395020e+00 3.483662128448486328e+00
-2.735917806625366211e+00 2.969884872436523438e+00
-1.976399660110473633e+00 3.859250783920288086e+00
-1.574413299560546875e+00 3.886026859283447266e+00
-2.862851619720458984e+00 3.156092405319213867e+00
-1.109412074089050293e+00 -1.084546804428100586e+00
-1.618198633193969727e+00 -6.201431751251220703e-01
-2.317809820175170898e+00 1.027235865592956543e+00
-2.306253671646118164e+00 1.615399003028869629e+00
-4.055936336517333984e+00 -1.937951469421386719e+01
-9.998024702072143555e-01 6.737571358680725098e-01
-1.197448849678039551e+00 9.271108359098434448e-02
-2.084748744964599609e+00 2.707332372665405273e-01
-2.078380346298217773e+00 3.537225484848022461e+00
-1.341422796249389648e+00 3.003200292587280273e+00
-7.313840389251708984e-01 3.341147661209106445e+00
-7.884989976882934570e-01 3.563630580902099609e+00
-1.413742899894714355e+00 3.834678411483764648e+00
-1.836524963378906250e+00 3.342853069305419922e+00
-2.110962629318237305e+00 3.424257516860961914e+00
-3.883509635925292969e+00 -1.904359626770019531e+01
-1.040130615234375000e+00 3.374452829360961914e+00
-4.732620418071746826e-01 1.944733619689941406e+00
-1.882176995277404785e+00 3.229947566986083984e+00
-1.777865886688232422e+00 3.776983022689819336e+00
-4.171938598155975342e-01 -6.085503473877906799e-02
-2.964637577533721924e-01 7.013435363769531250e-01
-9.449247717857360840e-01 6.813286542892456055e-01
-6.708340048789978027e-01 5.376159548759460449e-01
-7.309100031852722168e-01 8.771401047706604004e-01
-3.435149192810058594e-01 1.205329895019531250e+00
-3.857714653015136719e+00 -1.939476585388183594e+01
-1.681943386793136597e-01 5.264081358909606934e-01
-3.101480305194854736e-01 2.242674827575683594e-01
-8.809185624122619629e-01 3.694221496582031250e+00
-4.233138263225555420e-01 3.157497644424438477e+00
3.111329376697540283e-01 -1.834289729595184326e-01
-4.164436757564544678e-01 1.054925799369812012e+00
-4.190494120121002197e-01 2.476845741271972656e+00
-3.802509784698486328e+00 -1.910009002685546875e+01
-6.705920696258544922e-01 1.959826588630676270e+00
-1.310978889465332031e+00 2.459009647369384766e+00
-1.224609494209289551e+00 3.571804285049438477e+00
1.916389465332031250e-01 1.460966110229492188e+00
-9.307487607002258301e-01 3.603700876235961914e+00
-1.220620989799499512e+00 -9.188497662544250488e-01
-2.898898124694824219e-01 -6.755200028419494629e-01
-1.072604417800903320e+00 -7.201482653617858887e-01
-3.544094860553741455e-01 -3.535036230459809303e-03
-6.750082969665527344e-01 -1.763174682855606079e-01
-3.997198104858398438e+00 -1.947121620178222656e+01
-3.368459641933441162e-01 8.759451657533645630e-02
-6.154644489288330078e-01 3.650351762771606445e-01
-4.763274788856506348e-01 -1.231104731559753418e-01
-2.181578159332275391e+00 1.563914716243743896e-01
-8.558714389801025391e-02 1.750609993934631348e+00
3.522115647792816162e-01 2.718956232070922852e+00
-3.849644958972930908e-01 1.356720089912414551e+00
-3.455361723899841309e-01 1.388135433197021484e+00
-2.886112332344055176e-01 2.227962255477905273e+00
-6.389636993408203125e-01 1.960457563400268555e+00
-3.772982597351074219e+00 -1.889809036254882812e+01
-1.245819255709648132e-01 2.677272558212280273e+00
-2.593156099319458008e-01 2.075258493423461914e+00
-7.935464978218078613e-01 3.522148609161376953e+00
1.827989220619201660e-01 -1.849382556974887848e-02
-4.713611006736755371e-01 -5.908752679824829102e-01
1.437085121870040894e-01 1.720293425023555756e-02
-4.039927124977111816e-01 -6.712824106216430664e-01
1.613094843924045563e-02 1.362540572881698608e-01
-8.849717676639556885e-03 -3.061358351260423660e-03
3.533185124397277832e-01 -6.206903457641601562e-01
-3.330569028854370117e+00 -1.850319671630859375e+01
1.007370054721832275e-01 -1.100634112954139709e-01
-9.744287282228469849e-02 -4.795777797698974609e-01
-2.160225868225097656e+00 2.863962888717651367e+00
-3.787740170955657959e-01 2.061208248138427734e+00
-1.823621749877929688e+00 2.686251878738403320e+00
-2.847555875778198242e+00 2.537116289138793945e+00
-2.522516727447509766e+00 3.364846944808959961e+00
-3.573997497558593750e+00 -1.866033935546875000e+01
-1.935370922088623047e+00 3.828605890274047852e+00
-2.635228633880615234e+00 2.832684993743896484e+00
-1.997119188308715820e+00 3.196460008621215820e+00
4.161025285720825195e-01 2.601595640182495117e+00
-1.496795654296875000e+00 -5.727712512016296387e-01
-1.125029921531677246e+00 -6.733504533767700195e-01
-9.767392277717590332e-02 8.668770194053649902e-01
-3.709592223167419434e-01 2.669380426406860352e+00
-2.428530454635620117e+00 1.559566617012023926e+00
-7.388367056846618652e-01 1.884515762329101562e+00
-4.111634731292724609e+00 -1.925593757629394531e+01
-8.654207587242126465e-01 1.559208989143371582e+00
-1.596071243286132812e+00 9.243739247322082520e-01
-1.567111253738403320e+00 2.378676891326904297e+00
-1.913085341453552246e+00 2.017915248870849609e+00
-1.114392280578613281e+00 2.533353328704833984e+00
-2.883808374404907227e+00 2.775965690612792969e+00
-6.663154363632202148e-01 1.522090435028076172e+00
-1.653107881546020508e+00 3.137696266174316406e+00
-1.594180345535278320e+00 3.899794340133666992e+00
-1.172358393669128418e+00 3.454501867294311523e+00
-3.546065092086791992e+00 -1.860491561889648438e+01
-1.331792712211608887e+00 2.950371026992797852e+00
-2.647634983062744141e+00 3.192128419876098633e+00
-1.149438023567199707e+00 -8.521688580513000488e-01
-7.529001832008361816e-01 3.188177645206451416e-01
-1.076510071754455566e+00 -9.974867701530456543e-01
-7.605235576629638672e-01 -9.076746553182601929e-02
-9.214455634355545044e-02 5.895646214485168457e-01
-7.422884702682495117e-01 4.867291450500488281e-01
-1.487710475921630859e+00 -3.154973983764648438e-01
-1.848637610673904419e-01 3.008316643536090851e-02
-3.842747688293457031e+00 -1.925709533691406250e+01
5.566185116767883301e-01 2.112765550613403320e+00
-1.722128748893737793e+00 2.083907842636108398e+00
-1.706230044364929199e+00 2.830984115600585938e+00
-8.317488670349121094e+00 1.268730282783508301e+00
-1.073231577873229980e+00 2.951160669326782227e+00
-4.758478999137878418e-01 1.628545761108398438e+00
5.647287964820861816e-01 2.492570400238037109e+00
-3.893076896667480469e+00 -1.915190505981445312e+01
-1.311716675758361816e+00 2.919617414474487305e+00
5.351264029741287231e-02 2.494010925292968750e+00
-1.392620921134948730e+00 2.488846540451049805e+00
-7.060504555702209473e-01 -1.149217128753662109e+00
-5.797098875045776367e-01 -1.194587588310241699e+00
-1.118150472640991211e+00 -9.897639155387878418e-01
1.167118642479181290e-02 -4.164752662181854248e-01
-1.257953166961669922e+00 -5.463785529136657715e-01
-8.990392684936523438e-01 -9.179496169090270996e-01
1.305455565452575684e-01 1.340682387351989746e+00
-3.940975666046142578e+00 -1.930508041381835938e+01
-4.838047027587890625e-01 -7.707696557044982910e-01
-1.674693375825881958e-01 1.133156180381774902e+00
1.400900334119796753e-01 1.526926517486572266e+00
2.613739073276519775e-01 2.372923135757446289e+00
2.099414467811584473e-01 1.788137793540954590e+00
-7.597073912620544434e-01 3.143005609512329102e+00
1.014328002929687500e-02 1.840986490249633789e+00
-1.311773777008056641e+00 2.288142681121826172e+00
1.688836216926574707e-01 2.175178050994873047e+00
2.415484338998794556e-01 1.462840080261230469e+00
-3.638787984848022461e+00 -1.858216285705566406e+01
-9.826441854238510132e-02 2.668263196945190430e+00
-8.057869076728820801e-01 -1.071900725364685059e+00
2.953171730041503906e-02 -4.883077442646026611e-01
-1.160071134567260742e+00 -1.059598088264465332e+00
1.814330220222473145e-01 6.444417238235473633e-01
-4.113924130797386169e-02 2.387537211179733276e-01
-5.185123067349195480e-03 7.059566974639892578e-01
-1.586074084043502808e-01 1.098918676376342773e+00
-9.691134691238403320e-01 1.187175869941711426e+00
9.622811339795589447e-03 3.185047805309295654e-01
-3.502765893936157227e+00 -1.900794601440429688e+01
